121,2442	1.0
121,2470	1.0
121,3037	1.0
121,3795	1.0
121,4315	1.0
121,4949	1.0
122,2443	1.0
122,2471	1.0
122,3796	1.0
122,4316	1.0
123,2444	1.0
123,2472	1.0
123,3039	1.0
123,3797	1.0
123,4317	1.0
123,4951	1.0
124,2445	1.0
124,2473	1.0
124,3040	1.0
124,3798	1.0
124,4318	1.0
124,4952	1.0
125,2446	1.0
125,2474	1.0
125,3041	1.0
125,3799	1.0
125,4319	1.0
125,4953	1.0
126,2447	1.0
126,2475	1.0
126,3042	1.0
126,3800	1.0
126,4320	1.0
126,4954	1.0
127,2448	1.0
127,2476	1.0
127,3043	1.0
127,3801	1.0
127,4321	1.0
127,4955	1.0
128,2449	1.0
128,2477	1.0
128,3044	1.0
128,3802	1.0
128,4322	1.0
128,4956	1.0
131,2452	1.0
21,121	1.0
21,2442	1.0
21,2470	1.0
21,3037	1.0
21,37	1.0
21,3795	1.0
21,4315	1.0
21,4949	1.0
22,122	1.0
22,2443	1.0
22,2471	1.0
22,3796	1.0
22,38	0.8333333
22,4316	1.0
23,123	1.0
23,2444	1.0
23,2472	1.0
23,3039	1.0
23,3797	1.0
23,4317	1.0
23,4951	1.0
24,124	1.0
24,2445	1.0
24,2473	1.0
24,3040	1.0
24,3798	1.0
24,4318	1.0
24,4952	1.0
2442,2470	1.0
2442,3037	1.0
2442,3795	1.0
2442,4315	1.0
2442,4949	1.0
2443,2471	1.0
2443,3796	1.0
2443,4316	1.0
2444,2472	1.0
2444,3039	1.0
2444,3797	1.0
2444,4317	1.0
2444,4951	1.0
2445,2473	1.0
2445,3040	1.0
2445,3798	1.0
2445,4318	1.0
2445,4952	1.0
2446,2474	1.0
2446,3041	1.0
2446,3799	1.0
2446,4319	1.0
2446,4953	1.0
2447,2475	1.0
2447,3042	1.0
2447,3800	1.0
2447,4320	1.0
2447,4954	1.0
2448,2476	1.0
2448,3043	1.0
2448,3801	1.0
2448,4321	1.0
2448,4955	1.0
2449,2477	1.0
2449,3044	1.0
2449,3802	1.0
2449,4322	1.0
2449,4956	1.0
2470,3037	1.0
2470,3795	1.0
2470,4315	1.0
2470,4949	1.0
2471,3796	1.0
2471,4316	1.0
2472,3039	1.0
2472,3797	1.0
2472,4317	1.0
2472,4951	1.0
2473,3040	1.0
2473,3798	1.0
2473,4318	1.0
2473,4952	1.0
2474,3041	1.0
2474,3799	1.0
2474,4319	1.0
2474,4953	1.0
2475,3042	1.0
2475,3800	1.0
2475,4320	1.0
2475,4954	1.0
2476,3043	1.0
2476,3801	1.0
2476,4321	1.0
2476,4955	1.0
2477,3044	1.0
2477,3802	1.0
2477,4322	1.0
2477,4956	1.0
2481,2786	1.0
2481,3278	1.0
2481,3835	1.0
2481,3990	1.0
2481,4859	1.0
25,125	1.0
25,2446	1.0
25,2474	1.0
25,3041	1.0
25,3799	1.0
25,4319	1.0
25,4953	1.0
2573,3652	1.0
2573,3709	1.0
2573,4188	1.0
2573,4344	1.0
26,126	1.0
26,2447	1.0
26,2475	1.0
26,3042	1.0
26,3800	1.0
26,4320	1.0
26,4954	1.0
2679,2866	1.0
2679,3600	1.0
2679,4497	1.0
2679,4909	1.0
2695,3046	1.0
2695,3338	1.0
2695,3640	1.0
2695,3696	1.0
27,127	1.0
27,2448	1.0
27,2476	1.0
27,3043	1.0
27,3801	1.0
27,4321	1.0
27,4955	1.0
2720,3339	1.0
2786,3278	1.0
2786,3835	1.0
2786,3990	1.0
2786,4859	1.0
28,128	1.0
28,2449	1.0
28,2477	1.0
28,3044	1.0
28,3802	1.0
28,4322	1.0
28,4956	1.0
2848,2849	1.0
2851,2852	1.0
2866,3600	1.0
2866,4497	1.0
2866,4909	1.0
2892,3746	1.0
3037,3795	1.0
3037,4315	1.0
3037,4949	1.0
3038,4950	1.0
3039,3797	1.0
3039,4317	1.0
3039,4951	1.0
3040,3798	1.0
3040,4318	1.0
3040,4952	1.0
3041,3799	1.0
3041,4319	1.0
3041,4953	1.0
3042,3800	1.0
3042,4320	1.0
3042,4954	1.0
3043,3801	1.0
3043,4321	1.0
3043,4955	1.0
3044,3802	1.0
3044,4322	1.0
3044,4956	1.0
3046,3338	1.0
3046,3640	1.0
3046,3696	1.0
3152,3154	1.0
3278,3835	1.0
3278,3990	1.0
3278,4859	1.0
3279,3836	1.0
3338,3640	1.0
3338,3696	1.0
3365,4159	1.0
3600,4497	1.0
3600,4909	1.0
3601,4584	1.0
3614,4592	1.0
3640,3696	1.0
3652,3709	1.0
3652,4188	1.0
3652,4344	1.0
37,121	1.0
37,2442	1.0
37,2470	1.0
37,3037	1.0
37,3795	1.0
37,4315	1.0
37,4949	1.0
3709,4188	1.0
3709,4344	1.0
3795,4315	1.0
3795,4949	1.0
3796,4316	1.0
3797,4317	1.0
3797,4951	1.0
3798,4318	1.0
3798,4952	1.0
3799,4319	1.0
3799,4953	1.0
38,122	0.8333333
38,2443	0.8333333
38,2471	0.8333333
38,3796	0.8333333
38,4316	0.8333333
3800,4320	1.0
3800,4954	1.0
3801,4321	1.0
3801,4955	1.0
3802,4322	1.0
3802,4956	1.0
3835,3990	1.0
3835,4859	1.0
3866,4936	1.0
3896,3903	1.0
3910,3940	0.85714287
3990,4859	1.0
4050,4734	1.0
4188,4344	1.0
4259,4419	1.0
4315,4949	1.0
4317,4951	1.0
4318,4952	1.0
4319,4953	1.0
4320,4954	1.0
4321,4955	1.0
4322,4956	1.0
4417,4948	1.0
4471,4476	1.0
4472,4477	1.0
4497,4909	1.0
4642,4648	1.0
670,1570	1.0
671,1571	1.0
