121,2442	1.0
121,2470	1.0
122,2443	1.0
122,2471	1.0
123,2444	1.0
123,2472	1.0
124,2445	1.0
124,2473	1.0
125,2446	1.0
125,2474	1.0
126,2447	1.0
126,2475	1.0
127,2448	1.0
127,2476	1.0
128,2449	1.0
128,2477	1.0
131,2452	1.0
21,121	1.0
21,2442	1.0
21,2470	1.0
21,37	1.0
22,122	1.0
22,2443	1.0
22,2471	1.0
22,38	0.8333333
23,123	1.0
23,2444	1.0
23,2472	1.0
24,124	1.0
24,2445	1.0
24,2473	1.0
2442,2470	1.0
2443,2471	1.0
2444,2472	1.0
2445,2473	1.0
2446,2474	1.0
2447,2475	1.0
2448,2476	1.0
2449,2477	1.0
2481,2786	1.0
25,125	1.0
25,2446	1.0
25,2474	1.0
26,126	1.0
26,2447	1.0
26,2475	1.0
2679,2866	1.0
27,127	1.0
27,2448	1.0
27,2476	1.0
28,128	1.0
28,2449	1.0
28,2477	1.0
2848,2849	1.0
2851,2852	1.0
37,121	1.0
37,2442	1.0
37,2470	1.0
38,122	0.8333333
38,2443	0.8333333
38,2471	0.8333333
670,1570	1.0
671,1571	1.0
