2852,2851	1.0
2477,128	1.0
2477,3802	1.0
2477,2449	1.0
2477,28	1.0
2477,3044	1.0
128,3802	1.0
128,2449	1.0
128,28	1.0
128,3044	1.0
3802,2449	1.0
3802,28	1.0
3802,3044	1.0
2449,28	1.0
2449,3044	1.0
28,3044	1.0
2476,127	1.0
2476,3801	1.0
2476,3043	1.0
2476,27	1.0
2476,2448	1.0
127,3801	1.0
127,3043	1.0
127,27	1.0
127,2448	1.0
3801,3043	1.0
3801,27	1.0
3801,2448	1.0
3043,27	1.0
3043,2448	1.0
27,2448	1.0
2442,3795	1.0
2442,21	1.0
2442,37	1.0
2442,3037	1.0
2442,121	1.0
2442,2470	1.0
3795,21	1.0
3795,37	1.0
3795,3037	1.0
3795,121	1.0
3795,2470	1.0
21,37	1.0
21,3037	1.0
21,121	1.0
21,2470	1.0
37,3037	1.0
37,121	1.0
37,2470	1.0
3037,121	1.0
3037,2470	1.0
121,2470	1.0
2443,3796	1.0
2443,38	0.8333333
2443,22	1.0
2443,122	1.0
2443,2471	1.0
3796,38	0.8333333
3796,22	1.0
3796,122	1.0
3796,2471	1.0
38,22	0.8333333
38,122	0.8333333
38,2471	0.8333333
22,122	1.0
22,2471	1.0
122,2471	1.0
3836,3279	1.0
3990,3835	1.0
3990,2481	1.0
3990,2786	1.0
3990,3278	1.0
3835,2481	1.0
3835,2786	1.0
3835,3278	1.0
2481,2786	1.0
2481,3278	1.0
2786,3278	1.0
2679,2866	1.0
2679,3600	1.0
2866,3600	1.0
3903,3896	1.0
3940,3910	0.85714287
3746,2892	1.0
2472,3797	1.0
2472,3039	1.0
2472,23	1.0
2472,2444	1.0
2472,123	1.0
3797,3039	1.0
3797,23	1.0
3797,2444	1.0
3797,123	1.0
3039,23	1.0
3039,2444	1.0
3039,123	1.0
23,2444	1.0
23,123	1.0
2444,123	1.0
3338,3640	1.0
3338,2695	1.0
3338,3696	1.0
3338,3046	1.0
3640,2695	1.0
3640,3696	1.0
3640,3046	1.0
2695,3696	1.0
2695,3046	1.0
3696,3046	1.0
3339,2720	1.0
2474,2446	1.0
2474,3799	1.0
2474,25	1.0
2474,3041	1.0
2474,125	1.0
2446,3799	1.0
2446,25	1.0
2446,3041	1.0
2446,125	1.0
3799,25	1.0
3799,3041	1.0
3799,125	1.0
25,3041	1.0
25,125	1.0
3041,125	1.0
3709,2573	1.0
3709,3652	1.0
2573,3652	1.0
2473,3798	1.0
2473,2445	1.0
2473,3040	1.0
2473,24	1.0
2473,124	1.0
3798,2445	1.0
3798,3040	1.0
3798,24	1.0
3798,124	1.0
2445,3040	1.0
2445,24	1.0
2445,124	1.0
3040,24	1.0
3040,124	1.0
24,124	1.0
131,2452	1.0
2475,2447	1.0
2475,3800	1.0
2475,126	1.0
2475,26	1.0
2475,3042	1.0
2447,3800	1.0
2447,126	1.0
2447,26	1.0
2447,3042	1.0
3800,126	1.0
3800,26	1.0
3800,3042	1.0
126,26	1.0
126,3042	1.0
26,3042	1.0
671,1571	1.0
2848,2849	1.0
670,1570	1.0
3152,3154	1.0
