2852,2851	1.0
2477,128	1.0
2477,2449	1.0
2477,28	1.0
128,2449	1.0
128,28	1.0
2449,28	1.0
2476,127	1.0
2476,27	1.0
2476,2448	1.0
127,27	1.0
127,2448	1.0
27,2448	1.0
2442,21	1.0
2442,37	1.0
2442,121	1.0
2442,2470	1.0
21,37	1.0
21,121	1.0
21,2470	1.0
37,121	1.0
37,2470	1.0
121,2470	1.0
2443,38	0.8333333
2443,22	1.0
2443,122	1.0
2443,2471	1.0
38,22	0.8333333
38,122	0.8333333
38,2471	0.8333333
22,122	1.0
22,2471	1.0
122,2471	1.0
2481,2786	1.0
2679,2866	1.0
2472,23	1.0
2472,2444	1.0
2472,123	1.0
23,2444	1.0
23,123	1.0
2444,123	1.0
2474,2446	1.0
2474,25	1.0
2474,125	1.0
2446,25	1.0
2446,125	1.0
25,125	1.0
2473,2445	1.0
2473,24	1.0
2473,124	1.0
2445,24	1.0
2445,124	1.0
24,124	1.0
131,2452	1.0
2475,2447	1.0
2475,126	1.0
2475,26	1.0
2447,126	1.0
2447,26	1.0
126,26	1.0
671,1571	1.0
2848,2849	1.0
670,1570	1.0
